(footprint "VQFN-20_L5.0-W5.0-P0.65-TL-EP"
	(version 20260206)
	(generator "pcbnew")
	(generator_version "10.0")
	(layer "F.Cu")
	(descr "VQFN-20_L5.0-W5.0-P0.65-TL-EP footprint")
	(tags "VQFN-20_L5.0-W5.0-P0.65-TL-EP footprint C28286")
	(property "Reference" "REF**"
		(at -0.000165 -4.576353 0)
		(layer "F.SilkS")
		(uuid "d145f5e7-32db-437c-9555-fab782a493a6")
		(effects
			(font
				(size 1 1)
				(thickness 0.15)
			)
		)
	)
	(property "Value" "VQFN-20_L5.0-W5.0-P0.65-TL-EP"
		(at -0.000165 4.576073 0)
		(layer "F.Fab")
		(uuid "a687f692-0ed6-4974-8450-3c0fee4b1654")
		(effects
			(font
				(size 1 1)
				(thickness 0.15)
			)
		)
	)
	(property "Datasheet" ""
		(at 0 0 0)
		(layer "F.Fab")
		(hide yes)
		(uuid "44dc6e3d-ac28-4bae-b6e8-38527a4e6bae")
		(effects
			(font
				(size 1.27 1.27)
			)
		)
	)
	(property "Description" ""
		(at 0 0 0)
		(layer "F.Fab")
		(hide yes)
		(uuid "5a061563-4b85-4c2b-9e38-d69f569c806f")
		(effects
			(font
				(size 1.27 1.27)
			)
		)
	)
	(attr smd)
	(duplicate_pad_numbers_are_jumpers no)
	(fp_line
		(start -2.576378 -2.576353)
		(end -2.576378 -1.67267)
		(stroke
			(width 0.1524)
			(type solid)
		)
		(layer "F.SilkS")
		(uuid "5c1029d2-86d2-49fd-9399-8ed81d34abc8")
	)
	(fp_line
		(start -2.576378 2.576073)
		(end -2.576378 1.67239)
		(stroke
			(width 0.1524)
			(type solid)
		)
		(layer "F.SilkS")
		(uuid "65d91d9f-cee3-4ed0-89fb-c4584ab035b6")
	)
	(fp_line
		(start -1.672695 -2.576353)
		(end -2.576378 -2.576353)
		(stroke
			(width 0.1524)
			(type solid)
		)
		(layer "F.SilkS")
		(uuid "6e1e4a76-fb09-463a-b1db-7b0be01ac617")
	)
	(fp_line
		(start -1.672695 2.576073)
		(end -2.576378 2.576073)
		(stroke
			(width 0.1524)
			(type solid)
		)
		(layer "F.SilkS")
		(uuid "06db2742-6243-4173-9ec3-a723ad4eb55a")
	)
	(fp_line
		(start 1.672339 -2.576353)
		(end 2.576048 -2.576353)
		(stroke
			(width 0.1524)
			(type solid)
		)
		(layer "F.SilkS")
		(uuid "8c70635f-3374-4fba-bfb3-717a6a569616")
	)
	(fp_line
		(start 1.672339 2.576073)
		(end 2.576048 2.576073)
		(stroke
			(width 0.1524)
			(type solid)
		)
		(layer "F.SilkS")
		(uuid "a256b29d-d549-4a0e-9cca-009679df541f")
	)
	(fp_line
		(start 2.576048 -2.576353)
		(end 2.576048 -1.67267)
		(stroke
			(width 0.1524)
			(type solid)
		)
		(layer "F.SilkS")
		(uuid "273ca6ef-40b1-4c65-8717-d37e4002af3f")
	)
	(fp_line
		(start 2.576048 2.576073)
		(end 2.576048 1.67239)
		(stroke
			(width 0.1524)
			(type solid)
		)
		(layer "F.SilkS")
		(uuid "d7bda7c1-4a65-49e3-826a-488b02d4d537")
	)
	(fp_circle
		(center -3.31204 -1.300102)
		(end -3.235839 -1.300102)
		(stroke
			(width 0.152502)
			(type solid)
		)
		(fill no)
		(layer "F.SilkS")
		(uuid "9467d840-11e2-4aed-a0a3-120189e18670")
	)
	(fp_circle
		(center -2.5 -2.5)
		(end -2.470028 -2.5)
		(stroke
			(width 0.059995)
			(type solid)
		)
		(fill no)
		(layer "F.SilkS")
		(uuid "aa55f92d-1a76-4c8c-ad97-f87b84fc0654")
	)
	(fp_poly
		(pts
			(xy -2.500152 -2.500152) (xy 2.499848 -2.500152) (xy 2.499848 2.499848) (xy -2.500152 2.499848)
		)
		(stroke
			(width 0.12)
			(type solid)
		)
		(fill yes)
		(layer "F.SilkS")
		(uuid "cdae0ab9-f7a0-4006-9039-f3519d3fbc15")
	)
	(fp_poly
		(pts
			(xy -2.500152 -1.452654) (xy -1.950165 -1.452654) (xy -1.950165 -1.14765) (xy -2.500152 -1.14765)
		)
		(stroke
			(width 0.12)
			(type solid)
		)
		(fill yes)
		(layer "F.SilkS")
		(uuid "dc1533ba-b5f4-45a3-b183-ae688e15c408")
	)
	(fp_poly
		(pts
			(xy -2.500152 -0.802642) (xy -1.950165 -0.802642) (xy -1.950165 -0.497663) (xy -2.500152 -0.497663)
		)
		(stroke
			(width 0.12)
			(type solid)
		)
		(fill yes)
		(layer "F.SilkS")
		(uuid "1c6b440e-85ec-4a5c-abc8-22b176ce2334")
	)
	(fp_poly
		(pts
			(xy -2.500152 -0.152654) (xy -1.950165 -0.152654) (xy -1.950165 0.15235) (xy -2.500152 0.15235)
		)
		(stroke
			(width 0.12)
			(type solid)
		)
		(fill yes)
		(layer "F.SilkS")
		(uuid "ce525902-d680-495f-ac52-22f53ad20a59")
	)
	(fp_poly
		(pts
			(xy -2.500152 0.497358) (xy -1.950165 0.497358) (xy -1.950165 0.802337) (xy -2.500152 0.802337)
		)
		(stroke
			(width 0.12)
			(type solid)
		)
		(fill yes)
		(layer "F.SilkS")
		(uuid "b0073387-8e67-4643-9692-6273d1551f52")
	)
	(fp_poly
		(pts
			(xy -2.500152 1.147346) (xy -1.950165 1.147346) (xy -1.950165 1.45235) (xy -2.500152 1.45235)
		)
		(stroke
			(width 0.12)
			(type solid)
		)
		(fill yes)
		(layer "F.SilkS")
		(uuid "38783165-b734-4f90-9586-3a78c4107f00")
	)
	(fp_poly
		(pts
			(xy -1.452654 -1.950165) (xy -1.14765 -1.950165) (xy -1.14765 -2.500152) (xy -1.452654 -2.500152)
		)
		(stroke
			(width 0.12)
			(type solid)
		)
		(fill yes)
		(layer "F.SilkS")
		(uuid "8f3e9514-1596-4bd8-a43a-9cbb00c0737c")
	)
	(fp_poly
		(pts
			(xy -1.452654 1.94986) (xy -1.14765 1.94986) (xy -1.14765 2.499848) (xy -1.452654 2.499848)
		)
		(stroke
			(width 0.12)
			(type solid)
		)
		(fill yes)
		(layer "F.SilkS")
		(uuid "86fdfeac-51c3-437c-b083-975c15a1c79f")
	)
	(fp_poly
		(pts
			(xy -0.802642 -1.950165) (xy -0.497663 -1.950165) (xy -0.497663 -2.500152) (xy -0.802642 -2.500152)
		)
		(stroke
			(width 0.12)
			(type solid)
		)
		(fill yes)
		(layer "F.SilkS")
		(uuid "52e5f94e-efbb-49ed-aee7-1156ae4fcd34")
	)
	(fp_poly
		(pts
			(xy -0.802642 1.94986) (xy -0.497663 1.94986) (xy -0.497663 2.499848) (xy -0.802642 2.499848)
		)
		(stroke
			(width 0.12)
			(type solid)
		)
		(fill yes)
		(layer "F.SilkS")
		(uuid "dc438321-87a6-4161-9b80-9c65bee52092")
	)
	(fp_poly
		(pts
			(xy -0.152654 -1.950165) (xy 0.15235 -1.950165) (xy 0.15235 -2.500152) (xy -0.152654 -2.500152)
		)
		(stroke
			(width 0.12)
			(type solid)
		)
		(fill yes)
		(layer "F.SilkS")
		(uuid "1c52ba39-fc73-46bb-93c8-ccb8098c76a1")
	)
	(fp_poly
		(pts
			(xy -0.152654 1.94986) (xy 0.15235 1.94986) (xy 0.15235 2.499848) (xy -0.152654 2.499848)
		)
		(stroke
			(width 0.12)
			(type solid)
		)
		(fill yes)
		(layer "F.SilkS")
		(uuid "db315e62-def0-420d-a036-2cd6abdffba3")
	)
	(fp_poly
		(pts
			(xy 0.497358 -1.950165) (xy 0.802337 -1.950165) (xy 0.802337 -2.500152) (xy 0.497358 -2.500152)
		)
		(stroke
			(width 0.12)
			(type solid)
		)
		(fill yes)
		(layer "F.SilkS")
		(uuid "0afa985e-06bb-4c1b-9566-7ab643d26b29")
	)
	(fp_poly
		(pts
			(xy 0.497358 1.94986) (xy 0.802337 1.94986) (xy 0.802337 2.499848) (xy 0.497358 2.499848)
		)
		(stroke
			(width 0.12)
			(type solid)
		)
		(fill yes)
		(layer "F.SilkS")
		(uuid "e99bbd75-ba5b-46a0-ac0c-f31065a09649")
	)
	(fp_poly
		(pts
			(xy 1.147346 -1.950165) (xy 1.45235 -1.950165) (xy 1.45235 -2.500152) (xy 1.147346 -2.500152)
		)
		(stroke
			(width 0.12)
			(type solid)
		)
		(fill yes)
		(layer "F.SilkS")
		(uuid "41fb5d52-fe46-495a-9a6a-3e3cbff6b759")
	)
	(fp_poly
		(pts
			(xy 1.147346 1.94986) (xy 1.45235 1.94986) (xy 1.45235 2.499848) (xy 1.147346 2.499848)
		)
		(stroke
			(width 0.12)
			(type solid)
		)
		(fill yes)
		(layer "F.SilkS")
		(uuid "3e748faa-911c-4952-84bc-32fcf368c1ab")
	)
	(fp_poly
		(pts
			(xy 2.499848 -1.452654) (xy 1.94986 -1.452654) (xy 1.94986 -1.14765) (xy 2.499848 -1.14765)
		)
		(stroke
			(width 0.12)
			(type solid)
		)
		(fill yes)
		(layer "F.SilkS")
		(uuid "b87326af-f370-4100-bba6-0092d45d9c77")
	)
	(fp_poly
		(pts
			(xy 2.499848 -0.802642) (xy 1.94986 -0.802642) (xy 1.94986 -0.497663) (xy 2.499848 -0.497663)
		)
		(stroke
			(width 0.12)
			(type solid)
		)
		(fill yes)
		(layer "F.SilkS")
		(uuid "35c677cc-954d-49e7-aa01-c7df89c97263")
	)
	(fp_poly
		(pts
			(xy 2.499848 -0.152654) (xy 1.94986 -0.152654) (xy 1.94986 0.15235) (xy 2.499848 0.15235)
		)
		(stroke
			(width 0.12)
			(type solid)
		)
		(fill yes)
		(layer "F.SilkS")
		(uuid "32111dc2-e52e-4060-937c-884d8d584683")
	)
	(fp_poly
		(pts
			(xy 2.499848 0.497358) (xy 1.94986 0.497358) (xy 1.94986 0.802337) (xy 2.499848 0.802337)
		)
		(stroke
			(width 0.12)
			(type solid)
		)
		(fill yes)
		(layer "F.SilkS")
		(uuid "daa869c9-904c-4602-8172-7b5837fb835c")
	)
	(fp_poly
		(pts
			(xy 2.499848 1.147346) (xy 1.94986 1.147346) (xy 1.94986 1.45235) (xy 2.499848 1.45235)
		)
		(stroke
			(width 0.12)
			(type solid)
		)
		(fill yes)
		(layer "F.SilkS")
		(uuid "86e27f36-1a8c-4d0e-98ac-735aa9df86e1")
	)
	(fp_poly
		(pts
			(xy -1.260147 -1.575159) (xy 1.574854 -1.575159) (xy 1.574854 1.574854) (xy -1.575159 1.574854) (xy -1.575159 -1.260147)
		)
		(stroke
			(width 0.12)
			(type solid)
		)
		(fill yes)
		(layer "F.SilkS")
		(uuid "71d749c6-9c6d-4a38-a3fb-b8bad18722f6")
	)
	(fp_poly
		(pts
			(xy -1.260147 -1.260147) (xy 1.259868 -1.260147) (xy 1.259868 1.259868) (xy -1.260147 1.259868)
		)
		(stroke
			(width 0.15)
			(type solid)
		)
		(fill yes)
		(layer "F.Paste")
		(uuid "b378e0b9-2335-4afb-9bbb-249d8c1a70e7")
	)
	(fp_poly
		(pts
			(xy -2.829997 -1.118085) (xy -2.867841 -1.122062) (xy -2.90403 -1.133821) (xy -2.936984 -1.152847)
			(xy -2.965262 -1.178309) (xy -2.987629 -1.209093) (xy -3.003106 -1.243855) (xy -3.011017 -1.281076)
			(xy -3.011017 -1.319128) (xy -3.003106 -1.356348) (xy -2.987629 -1.39111) (xy -2.965262 -1.421895)
			(xy -2.936984 -1.447356) (xy -2.90403 -1.466382) (xy -2.867841 -1.478141) (xy -2.829997 -1.482118)
			(xy -2.10701 -1.482118) (xy -2.069167 -1.478141) (xy -2.032978 -1.466382) (xy -2.000024 -1.447356)
			(xy -1.971746 -1.421895) (xy -1.949379 -1.39111) (xy -1.933902 -1.356348) (xy -1.925991 -1.319128)
			(xy -1.925991 -1.281076) (xy -1.933902 -1.243855) (xy -1.949379 -1.209093) (xy -1.971746 -1.178309)
			(xy -2.000024 -1.152847) (xy -2.032978 -1.133821) (xy -2.069167 -1.122062) (xy -2.10701 -1.118085)
		)
		(stroke
			(width 0.15)
			(type solid)
		)
		(fill yes)
		(layer "F.Paste")
		(uuid "bcdcd5f4-d588-4d1e-849f-af1594ca8092")
	)
	(fp_poly
		(pts
			(xy -2.829997 -0.468098) (xy -2.867841 -0.472075) (xy -2.90403 -0.483834) (xy -2.936984 -0.50286)
			(xy -2.965262 -0.528321) (xy -2.987629 -0.559106) (xy -3.003106 -0.593868) (xy -3.011017 -0.631088)
			(xy -3.011017 -0.66914) (xy -3.003106 -0.706361) (xy -2.987629 -0.741123) (xy -2.965262 -0.771907)
			(xy -2.936984 -0.797369) (xy -2.90403 -0.816395) (xy -2.867841 -0.828154) (xy -2.829997 -0.832131)
			(xy -2.10701 -0.832131) (xy -2.069167 -0.828154) (xy -2.032978 -0.816395) (xy -2.000024 -0.797369)
			(xy -1.971746 -0.771907) (xy -1.949379 -0.741123) (xy -1.933902 -0.706361) (xy -1.925991 -0.66914)
			(xy -1.925991 -0.631088) (xy -1.933902 -0.593868) (xy -1.949379 -0.559106) (xy -1.971746 -0.528321)
			(xy -2.000024 -0.50286) (xy -2.032978 -0.483834) (xy -2.069167 -0.472075) (xy -2.10701 -0.468098)
		)
		(stroke
			(width 0.15)
			(type solid)
		)
		(fill yes)
		(layer "F.Paste")
		(uuid "6db86d30-c349-417f-bc62-44befa7398d4")
	)
	(fp_poly
		(pts
			(xy -2.829997 0.831877) (xy -2.867841 0.8279) (xy -2.90403 0.816141) (xy -2.936984 0.797115) (xy -2.965262 0.771653)
			(xy -2.987629 0.740869) (xy -3.003106 0.706107) (xy -3.011017 0.668886) (xy -3.011017 0.630834) (xy -3.003106 0.593614)
			(xy -2.987629 0.558852) (xy -2.965262 0.528067) (xy -2.936984 0.502606) (xy -2.90403 0.48358) (xy -2.867841 0.471821)
			(xy -2.829997 0.467844) (xy -2.10701 0.467844) (xy -2.069167 0.471821) (xy -2.032978 0.48358) (xy -2.000024 0.502606)
			(xy -1.971746 0.528067) (xy -1.949379 0.558852) (xy -1.933902 0.593614) (xy -1.925991 0.630834) (xy -1.925991 0.668886)
			(xy -1.933902 0.706107) (xy -1.949379 0.740869) (xy -1.971746 0.771653) (xy -2.000024 0.797115) (xy -2.032978 0.816141)
			(xy -2.069167 0.8279) (xy -2.10701 0.831877)
		)
		(stroke
			(width 0.15)
			(type solid)
		)
		(fill yes)
		(layer "F.Paste")
		(uuid "553fcdcd-5367-47be-8fa8-3e75c9c5675c")
	)
	(fp_poly
		(pts
			(xy -2.829997 1.481864) (xy -2.867841 1.477887) (xy -2.90403 1.466128) (xy -2.936984 1.447102) (xy -2.965262 1.421641)
			(xy -2.987629 1.390856) (xy -3.003106 1.356094) (xy -3.011017 1.318874) (xy -3.011017 1.280822) (xy -3.003106 1.243601)
			(xy -2.987629 1.208839) (xy -2.965262 1.178055) (xy -2.936984 1.152593) (xy -2.90403 1.133567) (xy -2.867841 1.121808)
			(xy -2.829997 1.117831) (xy -2.10701 1.117831) (xy -2.069167 1.121808) (xy -2.032978 1.133567) (xy -2.000024 1.152593)
			(xy -1.971746 1.178055) (xy -1.949379 1.208839) (xy -1.933902 1.243601) (xy -1.925991 1.280822) (xy -1.925991 1.318874)
			(xy -1.933902 1.356094) (xy -1.949379 1.390856) (xy -1.971746 1.421641) (xy -2.000024 1.447102) (xy -2.032978 1.466128)
			(xy -2.069167 1.477887) (xy -2.10701 1.481864)
		)
		(stroke
			(width 0.15)
			(type solid)
		)
		(fill yes)
		(layer "F.Paste")
		(uuid "d55fbd5d-29b4-4df1-88b9-f8aec3b1ccae")
	)
	(fp_poly
		(pts
			(xy -1.482118 -2.829997) (xy -1.478141 -2.867841) (xy -1.466382 -2.90403) (xy -1.447356 -2.936984)
			(xy -1.421895 -2.965262) (xy -1.39111 -2.987629) (xy -1.356348 -3.003106) (xy -1.319128 -3.011017)
			(xy -1.281076 -3.011017) (xy -1.243855 -3.003106) (xy -1.209093 -2.987629) (xy -1.178309 -2.965262)
			(xy -1.152847 -2.936984) (xy -1.133821 -2.90403) (xy -1.122062 -2.867841) (xy -1.118085 -2.829997)
			(xy -1.118085 -2.10701) (xy -1.122062 -2.069167) (xy -1.133821 -2.032978) (xy -1.152847 -2.000024)
			(xy -1.178309 -1.971746) (xy -1.209093 -1.949379) (xy -1.243855 -1.933902) (xy -1.281076 -1.925991)
			(xy -1.319128 -1.925991) (xy -1.356348 -1.933902) (xy -1.39111 -1.949379) (xy -1.421895 -1.971746)
			(xy -1.447356 -2.000024) (xy -1.466382 -2.032978) (xy -1.478141 -2.069167) (xy -1.482118 -2.10701)
		)
		(stroke
			(width 0.15)
			(type solid)
		)
		(fill yes)
		(layer "F.Paste")
		(uuid "bdf51ece-6fa7-4fdd-99ec-1b0c52528e6e")
	)
	(fp_poly
		(pts
			(xy -1.482118 2.10701) (xy -1.478141 2.069167) (xy -1.466382 2.032978) (xy -1.447356 2.000024) (xy -1.421895 1.971746)
			(xy -1.39111 1.949379) (xy -1.356348 1.933902) (xy -1.319128 1.925991) (xy -1.281076 1.925991) (xy -1.243855 1.933902)
			(xy -1.209093 1.949379) (xy -1.178309 1.971746) (xy -1.152847 2.000024) (xy -1.133821 2.032978) (xy -1.122062 2.069167)
			(xy -1.118085 2.10701) (xy -1.118085 2.829997) (xy -1.122062 2.867841) (xy -1.133821 2.90403) (xy -1.152847 2.936984)
			(xy -1.178309 2.965262) (xy -1.209093 2.987629) (xy -1.243855 3.003106) (xy -1.281076 3.011017) (xy -1.319128 3.011017)
			(xy -1.356348 3.003106) (xy -1.39111 2.987629) (xy -1.421895 2.965262) (xy -1.447356 2.936984) (xy -1.466382 2.90403)
			(xy -1.478141 2.867841) (xy -1.482118 2.829997)
		)
		(stroke
			(width 0.15)
			(type solid)
		)
		(fill yes)
		(layer "F.Paste")
		(uuid "002e7442-522b-41c2-a1b7-1bb177607d20")
	)
	(fp_poly
		(pts
			(xy -0.832131 -2.829997) (xy -0.828154 -2.867841) (xy -0.816395 -2.90403) (xy -0.797369 -2.936984)
			(xy -0.771907 -2.965262) (xy -0.741123 -2.987629) (xy -0.706361 -3.003106) (xy -0.66914 -3.011017)
			(xy -0.631088 -3.011017) (xy -0.593868 -3.003106) (xy -0.559106 -2.987629) (xy -0.528321 -2.965262)
			(xy -0.50286 -2.936984) (xy -0.483834 -2.90403) (xy -0.472075 -2.867841) (xy -0.468098 -2.829997)
			(xy -0.468098 -2.10701) (xy -0.472075 -2.069167) (xy -0.483834 -2.032978) (xy -0.50286 -2.000024)
			(xy -0.528321 -1.971746) (xy -0.559106 -1.949379) (xy -0.593868 -1.933902) (xy -0.631088 -1.925991)
			(xy -0.66914 -1.925991) (xy -0.706361 -1.933902) (xy -0.741123 -1.949379) (xy -0.771907 -1.971746)
			(xy -0.797369 -2.000024) (xy -0.816395 -2.032978) (xy -0.828154 -2.069167) (xy -0.832131 -2.10701)
		)
		(stroke
			(width 0.15)
			(type solid)
		)
		(fill yes)
		(layer "F.Paste")
		(uuid "822d4a30-2eb5-4906-89da-afe6f311a33d")
	)
	(fp_poly
		(pts
			(xy -0.832131 2.10701) (xy -0.828154 2.069167) (xy -0.816395 2.032978) (xy -0.797369 2.000024) (xy -0.771907 1.971746)
			(xy -0.741123 1.949379) (xy -0.706361 1.933902) (xy -0.66914 1.925991) (xy -0.631088 1.925991) (xy -0.593868 1.933902)
			(xy -0.559106 1.949379) (xy -0.528321 1.971746) (xy -0.50286 2.000024) (xy -0.483834 2.032978) (xy -0.472075 2.069167)
			(xy -0.468098 2.10701) (xy -0.468098 2.829997) (xy -0.472075 2.867841) (xy -0.483834 2.90403) (xy -0.50286 2.936984)
			(xy -0.528321 2.965262) (xy -0.559106 2.987629) (xy -0.593868 3.003106) (xy -0.631088 3.011017) (xy -0.66914 3.011017)
			(xy -0.706361 3.003106) (xy -0.741123 2.987629) (xy -0.771907 2.965262) (xy -0.797369 2.936984) (xy -0.816395 2.90403)
			(xy -0.828154 2.867841) (xy -0.832131 2.829997)
		)
		(stroke
			(width 0.15)
			(type solid)
		)
		(fill yes)
		(layer "F.Paste")
		(uuid "d175f622-47f6-4670-882f-95198f352d54")
	)
	(fp_poly
		(pts
			(xy 0.467844 -2.829997) (xy 0.471821 -2.867841) (xy 0.48358 -2.90403) (xy 0.502606 -2.936984) (xy 0.528067 -2.965262)
			(xy 0.558852 -2.987629) (xy 0.593614 -3.003106) (xy 0.630834 -3.011017) (xy 0.668886 -3.011017) (xy 0.706107 -3.003106)
			(xy 0.740869 -2.987629) (xy 0.771653 -2.965262) (xy 0.797115 -2.936984) (xy 0.816141 -2.90403) (xy 0.8279 -2.867841)
			(xy 0.831877 -2.829997) (xy 0.831877 -2.10701) (xy 0.8279 -2.069167) (xy 0.816141 -2.032978) (xy 0.797115 -2.000024)
			(xy 0.771653 -1.971746) (xy 0.740869 -1.949379) (xy 0.706107 -1.933902) (xy 0.668886 -1.925991) (xy 0.630834 -1.925991)
			(xy 0.593614 -1.933902) (xy 0.558852 -1.949379) (xy 0.528067 -1.971746) (xy 0.502606 -2.000024) (xy 0.48358 -2.032978)
			(xy 0.471821 -2.069167) (xy 0.467844 -2.10701)
		)
		(stroke
			(width 0.15)
			(type solid)
		)
		(fill yes)
		(layer "F.Paste")
		(uuid "c2846d5a-c38e-4a70-9c79-25c73327a074")
	)
	(fp_poly
		(pts
			(xy 0.467844 2.10701) (xy 0.471821 2.069167) (xy 0.48358 2.032978) (xy 0.502606 2.000024) (xy 0.528067 1.971746)
			(xy 0.558852 1.949379) (xy 0.593614 1.933902) (xy 0.630834 1.925991) (xy 0.668886 1.925991) (xy 0.706107 1.933902)
			(xy 0.740869 1.949379) (xy 0.771653 1.971746) (xy 0.797115 2.000024) (xy 0.816141 2.032978) (xy 0.8279 2.069167)
			(xy 0.831877 2.10701) (xy 0.831877 2.829997) (xy 0.8279 2.867841) (xy 0.816141 2.90403) (xy 0.797115 2.936984)
			(xy 0.771653 2.965262) (xy 0.740869 2.987629) (xy 0.706107 3.003106) (xy 0.668886 3.011017) (xy 0.630834 3.011017)
			(xy 0.593614 3.003106) (xy 0.558852 2.987629) (xy 0.528067 2.965262) (xy 0.502606 2.936984) (xy 0.48358 2.90403)
			(xy 0.471821 2.867841) (xy 0.467844 2.829997)
		)
		(stroke
			(width 0.15)
			(type solid)
		)
		(fill yes)
		(layer "F.Paste")
		(uuid "9b3b8d0d-4472-4b9c-ba8b-df2745aae9fa")
	)
	(fp_poly
		(pts
			(xy 1.117831 -2.829997) (xy 1.121808 -2.867841) (xy 1.133567 -2.90403) (xy 1.152593 -2.936984) (xy 1.178055 -2.965262)
			(xy 1.208839 -2.987629) (xy 1.243601 -3.003106) (xy 1.280822 -3.011017) (xy 1.318874 -3.011017) (xy 1.356094 -3.003106)
			(xy 1.390856 -2.987629) (xy 1.421641 -2.965262) (xy 1.447102 -2.936984) (xy 1.466128 -2.90403) (xy 1.477887 -2.867841)
			(xy 1.481864 -2.829997) (xy 1.481864 -2.10701) (xy 1.477887 -2.069167) (xy 1.466128 -2.032978) (xy 1.447102 -2.000024)
			(xy 1.421641 -1.971746) (xy 1.390856 -1.949379) (xy 1.356094 -1.933902) (xy 1.318874 -1.925991) (xy 1.280822 -1.925991)
			(xy 1.243601 -1.933902) (xy 1.208839 -1.949379) (xy 1.178055 -1.971746) (xy 1.152593 -2.000024) (xy 1.133567 -2.032978)
			(xy 1.121808 -2.069167) (xy 1.117831 -2.10701)
		)
		(stroke
			(width 0.15)
			(type solid)
		)
		(fill yes)
		(layer "F.Paste")
		(uuid "58d82f9b-f34e-4beb-a80a-4225a6cfa38b")
	)
	(fp_poly
		(pts
			(xy 1.117831 2.10701) (xy 1.121808 2.069167) (xy 1.133567 2.032978) (xy 1.152593 2.000024) (xy 1.178055 1.971746)
			(xy 1.208839 1.949379) (xy 1.243601 1.933902) (xy 1.280822 1.925991) (xy 1.318874 1.925991) (xy 1.356094 1.933902)
			(xy 1.390856 1.949379) (xy 1.421641 1.971746) (xy 1.447102 2.000024) (xy 1.466128 2.032978) (xy 1.477887 2.069167)
			(xy 1.481864 2.10701) (xy 1.481864 2.829997) (xy 1.477887 2.867841) (xy 1.466128 2.90403) (xy 1.447102 2.936984)
			(xy 1.421641 2.965262) (xy 1.390856 2.987629) (xy 1.356094 3.003106) (xy 1.318874 3.011017) (xy 1.280822 3.011017)
			(xy 1.243601 3.003106) (xy 1.208839 2.987629) (xy 1.178055 2.965262) (xy 1.152593 2.936984) (xy 1.133567 2.90403)
			(xy 1.121808 2.867841) (xy 1.117831 2.829997)
		)
		(stroke
			(width 0.15)
			(type solid)
		)
		(fill yes)
		(layer "F.Paste")
		(uuid "89c7e449-453f-4597-b942-02241370190d")
	)
	(fp_poly
		(pts
			(xy 2.10701 -1.118085) (xy 2.069167 -1.122062) (xy 2.032978 -1.133821) (xy 2.000024 -1.152847) (xy 1.971746 -1.178309)
			(xy 1.949379 -1.209093) (xy 1.933902 -1.243855) (xy 1.925991 -1.281076) (xy 1.925991 -1.319128) (xy 1.933902 -1.356348)
			(xy 1.949379 -1.39111) (xy 1.971746 -1.421895) (xy 2.000024 -1.447356) (xy 2.032978 -1.466382) (xy 2.069167 -1.478141)
			(xy 2.10701 -1.482118) (xy 2.829997 -1.482118) (xy 2.867841 -1.478141) (xy 2.90403 -1.466382) (xy 2.936984 -1.447356)
			(xy 2.965262 -1.421895) (xy 2.987629 -1.39111) (xy 3.003106 -1.356348) (xy 3.011017 -1.319128) (xy 3.011017 -1.281076)
			(xy 3.003106 -1.243855) (xy 2.987629 -1.209093) (xy 2.965262 -1.178309) (xy 2.936984 -1.152847) (xy 2.90403 -1.133821)
			(xy 2.867841 -1.122062) (xy 2.829997 -1.118085)
		)
		(stroke
			(width 0.15)
			(type solid)
		)
		(fill yes)
		(layer "F.Paste")
		(uuid "52572e91-e2fe-4c21-b078-3f20deffd2b4")
	)
	(fp_poly
		(pts
			(xy 2.10701 -0.468098) (xy 2.069167 -0.472075) (xy 2.032978 -0.483834) (xy 2.000024 -0.50286) (xy 1.971746 -0.528321)
			(xy 1.949379 -0.559106) (xy 1.933902 -0.593868) (xy 1.925991 -0.631088) (xy 1.925991 -0.66914) (xy 1.933902 -0.706361)
			(xy 1.949379 -0.741123) (xy 1.971746 -0.771907) (xy 2.000024 -0.797369) (xy 2.032978 -0.816395) (xy 2.069167 -0.828154)
			(xy 2.10701 -0.832131) (xy 2.829997 -0.832131) (xy 2.867841 -0.828154) (xy 2.90403 -0.816395) (xy 2.936984 -0.797369)
			(xy 2.965262 -0.771907) (xy 2.987629 -0.741123) (xy 3.003106 -0.706361) (xy 3.011017 -0.66914) (xy 3.011017 -0.631088)
			(xy 3.003106 -0.593868) (xy 2.987629 -0.559106) (xy 2.965262 -0.528321) (xy 2.936984 -0.50286) (xy 2.90403 -0.483834)
			(xy 2.867841 -0.472075) (xy 2.829997 -0.468098)
		)
		(stroke
			(width 0.15)
			(type solid)
		)
		(fill yes)
		(layer "F.Paste")
		(uuid "a5ab97c3-b8ef-45db-9a42-6bdafab68a72")
	)
	(fp_poly
		(pts
			(xy 2.10701 0.831877) (xy 2.069167 0.8279) (xy 2.032978 0.816141) (xy 2.000024 0.797115) (xy 1.971746 0.771653)
			(xy 1.949379 0.740869) (xy 1.933902 0.706107) (xy 1.925991 0.668886) (xy 1.925991 0.630834) (xy 1.933902 0.593614)
			(xy 1.949379 0.558852) (xy 1.971746 0.528067) (xy 2.000024 0.502606) (xy 2.032978 0.48358) (xy 2.069167 0.471821)
			(xy 2.10701 0.467844) (xy 2.829997 0.467844) (xy 2.867841 0.471821) (xy 2.90403 0.48358) (xy 2.936984 0.502606)
			(xy 2.965262 0.528067) (xy 2.987629 0.558852) (xy 3.003106 0.593614) (xy 3.011017 0.630834) (xy 3.011017 0.668886)
			(xy 3.003106 0.706107) (xy 2.987629 0.740869) (xy 2.965262 0.771653) (xy 2.936984 0.797115) (xy 2.90403 0.816141)
			(xy 2.867841 0.8279) (xy 2.829997 0.831877)
		)
		(stroke
			(width 0.15)
			(type solid)
		)
		(fill yes)
		(layer "F.Paste")
		(uuid "12a085c8-7846-427e-8081-a8ed8336a24c")
	)
	(fp_poly
		(pts
			(xy 2.10701 1.481864) (xy 2.069167 1.477887) (xy 2.032978 1.466128) (xy 2.000024 1.447102) (xy 1.971746 1.421641)
			(xy 1.949379 1.390856) (xy 1.933902 1.356094) (xy 1.925991 1.318874) (xy 1.925991 1.280822) (xy 1.933902 1.243601)
			(xy 1.949379 1.208839) (xy 1.971746 1.178055) (xy 2.000024 1.152593) (xy 2.032978 1.133567) (xy 2.069167 1.121808)
			(xy 2.10701 1.117831) (xy 2.829997 1.117831) (xy 2.867841 1.121808) (xy 2.90403 1.133567) (xy 2.936984 1.152593)
			(xy 2.965262 1.178055) (xy 2.987629 1.208839) (xy 3.003106 1.243601) (xy 3.011017 1.280822) (xy 3.011017 1.318874)
			(xy 3.003106 1.356094) (xy 2.987629 1.390856) (xy 2.965262 1.421641) (xy 2.936984 1.447102) (xy 2.90403 1.466128)
			(xy 2.867841 1.477887) (xy 2.829997 1.481864)
		)
		(stroke
			(width 0.15)
			(type solid)
		)
		(fill yes)
		(layer "F.Paste")
		(uuid "b9da6d13-3c4a-412e-91f4-410a87f38be0")
	)
	(fp_poly
		(pts
			(xy -2.829997 0.18189) (xy -2.865507 0.178392) (xy -2.899652 0.168035) (xy -2.931121 0.151214) (xy -2.958703 0.128578)
			(xy -2.981339 0.100996) (xy -2.998159 0.069528) (xy -3.008517 0.035383) (xy -3.012014 -0.000127)
			(xy -3.008517 -0.035637) (xy -2.998159 -0.069782) (xy -2.981339 -0.10125) (xy -2.958703 -0.128832)
			(xy -2.931121 -0.151468) (xy -2.899652 -0.168289) (xy -2.865507 -0.178646) (xy -2.829997 -0.182144)
			(xy -2.10701 -0.182144) (xy -2.071501 -0.178646) (xy -2.037356 -0.168289) (xy -2.005887 -0.151468)
			(xy -1.978305 -0.128832) (xy -1.955669 -0.10125) (xy -1.938849 -0.069782) (xy -1.928491 -0.035637)
			(xy -1.924994 -0.000127) (xy -1.928491 0.035383) (xy -1.938849 0.069528) (xy -1.955669 0.100996)
			(xy -1.978305 0.128578) (xy -2.005887 0.151214) (xy -2.037356 0.168035) (xy -2.071501 0.178392) (xy -2.10701 0.18189)
		)
		(stroke
			(width 0.15)
			(type solid)
		)
		(fill yes)
		(layer "F.Paste")
		(uuid "26b20e29-cc8d-4406-9685-162dc51c57d4")
	)
	(fp_poly
		(pts
			(xy -0.182144 -2.829997) (xy -0.178646 -2.865507) (xy -0.168289 -2.899652) (xy -0.151468 -2.931121)
			(xy -0.128832 -2.958703) (xy -0.10125 -2.981339) (xy -0.069782 -2.998159) (xy -0.035637 -3.008517)
			(xy -0.000127 -3.012014) (xy 0.035383 -3.008517) (xy 0.069528 -2.998159) (xy 0.100996 -2.981339)
			(xy 0.128578 -2.958703) (xy 0.151214 -2.931121) (xy 0.168035 -2.899652) (xy 0.178392 -2.865507) (xy 0.18189 -2.829997)
			(xy 0.18189 -2.10701) (xy 0.178392 -2.071501) (xy 0.168035 -2.037356) (xy 0.151214 -2.005887) (xy 0.128578 -1.978305)
			(xy 0.100996 -1.955669) (xy 0.069528 -1.938849) (xy 0.035383 -1.928491) (xy -0.000127 -1.924994)
			(xy -0.035637 -1.928491) (xy -0.069782 -1.938849) (xy -0.10125 -1.955669) (xy -0.128832 -1.978305)
			(xy -0.151468 -2.005887) (xy -0.168289 -2.037356) (xy -0.178646 -2.071501) (xy -0.182144 -2.10701)
		)
		(stroke
			(width 0.15)
			(type solid)
		)
		(fill yes)
		(layer "F.Paste")
		(uuid "d468e400-4785-469a-9cc9-5c78c01c15b1")
	)
	(fp_poly
		(pts
			(xy -0.182144 2.10701) (xy -0.178646 2.071501) (xy -0.168289 2.037356) (xy -0.151468 2.005887) (xy -0.128832 1.978305)
			(xy -0.10125 1.955669) (xy -0.069782 1.938849) (xy -0.035637 1.928491) (xy -0.000127 1.924994) (xy 0.035383 1.928491)
			(xy 0.069528 1.938849) (xy 0.100996 1.955669) (xy 0.128578 1.978305) (xy 0.151214 2.005887) (xy 0.168035 2.037356)
			(xy 0.178392 2.071501) (xy 0.18189 2.10701) (xy 0.18189 2.829997) (xy 0.178392 2.865507) (xy 0.168035 2.899652)
			(xy 0.151214 2.931121) (xy 0.128578 2.958703) (xy 0.100996 2.981339) (xy 0.069528 2.998159) (xy 0.035383 3.008517)
			(xy -0.000127 3.012014) (xy -0.035637 3.008517) (xy -0.069782 2.998159) (xy -0.10125 2.981339) (xy -0.128832 2.958703)
			(xy -0.151468 2.931121) (xy -0.168289 2.899652) (xy -0.178646 2.865507) (xy -0.182144 2.829997)
		)
		(stroke
			(width 0.15)
			(type solid)
		)
		(fill yes)
		(layer "F.Paste")
		(uuid "65d8cebf-579a-44c7-b513-c9462d27f011")
	)
	(fp_poly
		(pts
			(xy 2.10701 0.18189) (xy 2.071501 0.178392) (xy 2.037356 0.168035) (xy 2.005887 0.151214) (xy 1.978305 0.128578)
			(xy 1.955669 0.100996) (xy 1.938849 0.069528) (xy 1.928491 0.035383) (xy 1.924994 -0.000127) (xy 1.928491 -0.035637)
			(xy 1.938849 -0.069782) (xy 1.955669 -0.10125) (xy 1.978305 -0.128832) (xy 2.005887 -0.151468) (xy 2.037356 -0.168289)
			(xy 2.071501 -0.178646) (xy 2.10701 -0.182144) (xy 2.829997 -0.182144) (xy 2.865507 -0.178646) (xy 2.899652 -0.168289)
			(xy 2.931121 -0.151468) (xy 2.958703 -0.128832) (xy 2.981339 -0.10125) (xy 2.998159 -0.069782) (xy 3.008517 -0.035637)
			(xy 3.012014 -0.000127) (xy 3.008517 0.035383) (xy 2.998159 0.069528) (xy 2.981339 0.100996) (xy 2.958703 0.128578)
			(xy 2.931121 0.151214) (xy 2.899652 0.168035) (xy 2.865507 0.178392) (xy 2.829997 0.18189)
		)
		(stroke
			(width 0.15)
			(type solid)
		)
		(fill yes)
		(layer "F.Paste")
		(uuid "6a072de9-c3dd-4e41-8eb1-689c7dfc57a3")
	)
	(fp_circle
		(center -2.800229 -1.300102)
		(end -2.650114 -1.300102)
		(stroke
			(width 0.3)
			(type solid)
		)
		(fill no)
		(layer "F.Fab")
		(uuid "70a856a0-2f61-465e-be07-d265ac1b8cd8")
	)
	(fp_text user "${REFERENCE}"
		(at -0.000165 -0.00014 0)
		(layer "F.Fab")
		(uuid "2cb06e15-4615-439e-9cd1-2900a70d24dc")
		(effects
			(font
				(size 1 1)
				(thickness 0.15)
			)
		)
	)
	(pad "1" smd oval
		(at -2.468504 -1.300102)
		(size 1.086995 0.364008)
		(layers "F.Cu" "F.Mask" "F.Paste")
		(uuid "644b4e91-46cb-4105-b5b1-c2b6585522cf")
	)
	(pad "2" smd oval
		(at -2.468504 -0.650114)
		(size 1.086995 0.364008)
		(layers "F.Cu" "F.Mask" "F.Paste")
		(uuid "5b421a99-c738-4bcd-8079-ca0d3824eeeb")
	)
	(pad "3" smd oval
		(at -2.468504 -0.000127)
		(size 1.086995 0.364008)
		(layers "F.Cu" "F.Mask" "F.Paste")
		(uuid "020b093c-9f35-4e14-ab6c-756870c47191")
	)
	(pad "4" smd oval
		(at -2.468504 0.64986)
		(size 1.086995 0.364008)
		(layers "F.Cu" "F.Mask" "F.Paste")
		(uuid "a9564172-2651-4b91-b151-69b095dfffe7")
	)
	(pad "5" smd oval
		(at -2.468504 1.299848)
		(size 1.086995 0.364008)
		(layers "F.Cu" "F.Mask" "F.Paste")
		(uuid "da9f44a0-851e-45c1-b41f-ad242de1e701")
	)
	(pad "6" smd oval
		(at -1.300102 2.468504)
		(size 0.364008 1.086995)
		(layers "F.Cu" "F.Mask" "F.Paste")
		(uuid "f30b2086-9268-4b96-8b51-8e8af0cbb995")
	)
	(pad "7" smd oval
		(at -0.650114 2.468504)
		(size 0.364008 1.086995)
		(layers "F.Cu" "F.Mask" "F.Paste")
		(uuid "672b21e9-8ec9-4ef8-a917-34fe12b7d601")
	)
	(pad "8" smd oval
		(at -0.000127 2.468504)
		(size 0.364008 1.086995)
		(layers "F.Cu" "F.Mask" "F.Paste")
		(uuid "c6fcbade-b167-4654-ab36-2076282e1049")
	)
	(pad "9" smd oval
		(at 0.64986 2.468504)
		(size 0.364008 1.086995)
		(layers "F.Cu" "F.Mask" "F.Paste")
		(uuid "77854dcf-e003-458d-b420-841f7ac14e49")
	)
	(pad "10" smd oval
		(at 1.299848 2.468504)
		(size 0.364008 1.086995)
		(layers "F.Cu" "F.Mask" "F.Paste")
		(uuid "e7c8cfb1-cf7e-4213-baf7-10d404523318")
	)
	(pad "11" smd oval
		(at 2.468504 1.299848)
		(size 1.086995 0.364008)
		(layers "F.Cu" "F.Mask" "F.Paste")
		(uuid "c6ca8080-94ef-4c19-8225-9b0a438690ae")
	)
	(pad "12" smd oval
		(at 2.468504 0.64986)
		(size 1.086995 0.364008)
		(layers "F.Cu" "F.Mask" "F.Paste")
		(uuid "319ce74e-7eb2-46b2-92c7-1041d870bae1")
	)
	(pad "13" smd oval
		(at 2.468504 -0.000127)
		(size 1.086995 0.364008)
		(layers "F.Cu" "F.Mask" "F.Paste")
		(uuid "fc99bcb2-efd9-424b-ae28-077c7ee75b3b")
	)
	(pad "14" smd oval
		(at 2.468504 -0.650114)
		(size 1.086995 0.364008)
		(layers "F.Cu" "F.Mask" "F.Paste")
		(uuid "529d038b-d1c5-4d05-8ddd-ac6482b94076")
	)
	(pad "15" smd oval
		(at 2.468504 -1.300102)
		(size 1.086995 0.364008)
		(layers "F.Cu" "F.Mask" "F.Paste")
		(uuid "5eb19f2d-fbfe-4f8a-9fce-cd6095478e1b")
	)
	(pad "16" smd oval
		(at 1.299848 -2.468504)
		(size 0.364008 1.086995)
		(layers "F.Cu" "F.Mask" "F.Paste")
		(uuid "8b68c41e-5177-41b6-a1fc-dbbd04615341")
	)
	(pad "17" smd oval
		(at 0.64986 -2.468504)
		(size 0.364008 1.086995)
		(layers "F.Cu" "F.Mask" "F.Paste")
		(uuid "aa33430c-a41d-49d1-bcdd-373cc2257cbd")
	)
	(pad "18" smd oval
		(at -0.000127 -2.468504)
		(size 0.364008 1.086995)
		(layers "F.Cu" "F.Mask" "F.Paste")
		(uuid "950bad0f-81c7-4d7d-8272-ffe10b617f8e")
	)
	(pad "19" smd oval
		(at -0.650114 -2.468504)
		(size 0.364008 1.086995)
		(layers "F.Cu" "F.Mask" "F.Paste")
		(uuid "d1b8e820-7842-4805-a08d-31ad54a3f975")
	)
	(pad "20" smd oval
		(at -1.300102 -2.468504)
		(size 0.364008 1.086995)
		(layers "F.Cu" "F.Mask" "F.Paste")
		(uuid "8eb78c2f-f0b3-4e29-b7d3-007f73c21a0b")
	)
	(pad "21" smd rect
		(at -0.000127 -0.000127)
		(size 3.150013 3.150013)
		(layers "F.Cu" "F.Mask" "F.Paste")
		(uuid "4755711e-81b0-4e5f-8e12-55ca3d868501")
	)
	(embedded_fonts no)
	(model "../../packages3d/Regulator_Linear__C.3dshapes/VQFN-20_L5.0-W5.0-P0.65-TL-EP.step"
		(offset
			(xyz 0 0 0)
		)
		(scale
			(xyz 1 1 1)
		)
		(rotate
			(xyz -0 -0 -0)
		)
	)
)
